62000008397029
62000008397030
62000008397025
62000008397027
62000008397026
62000008397031
62000008397036
62000008397032
62000008397028
62000008397034
62000008397037
62000008397035
62000008397033
62000008397050
62000008397040
62000008397044
62000008397039
62000008397043
62000008397051
62000008397046
62000008397042
62000008397041
62000008397038
62000008397047
62000008397045
62000008397048
62000008397049
62000008397058
62000008397064
62000008397054
62000008397056
62000008397065
62000008397053
62000008397059
62000008397061
62000008397055
62000008397057
62000008397060
62000008397063
62000008397062
62000008397052
62000008397072
62000008397078
62000008397068
62000008397070
62000008397075
62000008397079
62000008397067
62000008397069
62000008397077
62000008397073
62000008397071
62000008397076
62000008397074
62000008397066
62000008397086
62000008397089
62000008397092
62000008397082
62000008397081
62000008397093
62000008397084
62000008397091
62000008397088
62000008397090
62000008397083
62000008397087
62000008397085
62000008397080
62000008397100
62000008397103
62000008397106
62000008397107
62000008397095
62000008397096
62000008397098
62000008397102
62000008397104
62000008397105
62000008397097
62000008397094
62000008397101
62000008397099
62000008397114
62000008397117
62000008397109
62000008397120
62000008397110
62000008397121
62000008397111
62000008397112
62000008397119
62000008397115
62000008397108
62000008397116
62000008397118
62000008397113
67497566535904
70796101419232
62000008397123
74094636302560
75194147930336
64199031652576
72995124674784
63099520024800
68597078163680
69696589791456
65298543280352
62000008397122
71895613047008
66398054908128
82890729324768
77393171185888
86189264208096
79592194441440
89487799091424
78492682813664
88388287463648
90587310719200
83990240952544
87288775835872
76293659558112
80691706069216
85089752580320
81791217696992
98283892113632
92786333974752
101582426996960
94985357230304
103781450252512
93885845602528
104880961880288
105980473508064
99383403741408
91686822346976
102681938624736
96084868858080
100482915369184
97184380485856
113677054902496
108179496763616
116975589785824
110378520019168
109279008391392
119174613041376
114776566530272
120274124669152
121373636296928
107079985135840
111478031646944
118075101413600
115876078158048
112577543274720
129070217691360
123572659552480
132368752574688
134567775830240
124672171180256
125771682808032
135667287458016
130169729319136
136766799085792
122473147924704
133468264202464
126871194435808
127970706063584
131269240946912
144463380480224
138965822341344
147761915363552
141164845596896
140065333969120
151060450246880
145562892108000
149960938619104
152159961874656
148861426991328
137866310713568
146662403735776
142264357224672
143363868852448
159856543269088
154358985130208
163155078152416
156558008385760
166453613035744
155458496757984
165354101407968
160956054896864
167553124663520
164254589780192
153259473502432
162055566524640
157657520013536
158757031641312
169752147919072
171951171174624
170851659546848
168652636291296
62137447350497
62274886303969
62412325257441
62549764210913
62687203164385
62824642117857
62962081071329
63099520024801
63236958978273
63374397931745
63511836885217
63649275838689
63786714792161
63924153745633
64061592699105
64199031652577
64336470606049
64473909559521
64611348512993
64748787466465
64886226419937
65023665373409
65161104326881
65298543280353
65435982233825
65573421187297
65710860140769
65848299094241
65985738047713
66123177001185
66260615954657
66398054908129
66535493861601
66672932815073
66810371768545
66947810722017
67085249675489
67222688628961
67360127582433
67497566535905
67635005489377
67772444442849
67909883396321
68047322349793
68184761303265
68322200256737
68459639210209
68597078163681
68734517117153
68871956070625
69009395024097
69146833977569
69284272931041
69421711884513
69559150837985
69696589791457
69834028744929
69971467698401
70108906651873
70246345605345
70383784558817
70521223512289
70658662465761
70796101419233
70933540372705
71070979326177
71208418279649
71345857233121
71483296186593
71620735140065
71758174093537
71895613047009
72033052000481
72170490953953
72307929907425
72445368860897
72582807814369
72720246767841
72857685721313
72995124674785
73132563628257
73270002581729
73407441535201
73544880488673
73682319442145
73819758395617
73957197349089
74094636302561
74232075256033
74369514209505
74506953162977
74644392116449
74781831069921
74919270023393
75056708976865
75194147930337
75331586883809
75469025837281
75606464790753
75743903744225
75881342697697
76018781651169
76156220604641
76293659558113
76431098511585
76568537465057
76705976418529
76843415372001
76980854325473
77118293278945
77255732232417
77393171185889
77530610139361
77668049092833
77805488046305
77942926999777
78080365953249
78217804906721
78355243860193
78492682813665
78630121767137
78767560720609
78904999674081
79042438627553
79179877581025
79317316534497
79454755487969
79592194441441
79729633394913
79867072348385
80004511301857
80141950255329
80279389208801
80416828162273
80554267115745
80691706069217
80829145022689
80966583976161
81104022929633
81241461883105
81378900836577
81516339790049
81653778743521
81791217696993
81928656650465
82066095603937
82203534557409
82340973510881
82478412464353
82615851417825
82753290371297
82890729324769
83028168278241
83165607231713
83303046185185
83440485138657
83577924092129
83715363045601
83852801999073
83990240952545
84127679906017
84265118859489
84402557812961
84539996766433
84677435719905
84814874673377
84952313626849
85089752580321
85227191533793
85364630487265
85502069440737
85639508394209
85776947347681
85914386301153
86051825254625
86189264208097
86326703161569
86464142115041
86601581068513
86739020021985
86876458975457
87013897928929
87151336882401
87288775835873
87426214789345
87563653742817
87701092696289
87838531649761
87975970603233
88113409556705
88250848510177
88388287463649
88525726417121
88663165370593
88800604324065
88938043277537
89075482231009
89212921184481
89350360137953
89487799091425
89625238044897
